../../../../.git/annex/objects/2z/98/SHA256E-s704190--511a803a808a16bd2b13f886d72c63a183b0292132040d6fddec175665817c08.tsv/SHA256E-s704190--511a803a808a16bd2b13f886d72c63a183b0292132040d6fddec175665817c08.tsv