../../../../../.git/annex/objects/8F/wW/SHA256E-s873809--f544982a550818e2f7f45b659b925383a183ac6a01fbc18742c6e11d59f9a1be.tsv/SHA256E-s873809--f544982a550818e2f7f45b659b925383a183ac6a01fbc18742c6e11d59f9a1be.tsv