../../../../../.git/annex/objects/wG/9W/SHA256E-s1201684--179ff4f47a45b6adeec9e126e02eb49247d74f6786c6c2657360e2e834ddbd76.tsv/SHA256E-s1201684--179ff4f47a45b6adeec9e126e02eb49247d74f6786c6c2657360e2e834ddbd76.tsv